218691
218689
218667
218664
218650
218647
218644
218638
218631
218623
218622
218587
218586
218585
218577
218571
218565
218509
218504
218499
218473
218472
218470
218466
218454
218452
218447
218391
218368
218365
218362
218312
218289
218260
217261
217242
217219
217211
217192
217167
217145
217134
217132
217119
217112
217103
217086
217033
217024
217000
216998
216993
216986
216980
216922
216912
216911
216865
216857
216855
216852
216849
216839
216687
216685
216672
216669
216623
216611
216609
216584
216572
216563
216553
216544
216532
216512
216495
216481
216478
216464
216453
216443
216398
216323
216311
216293
216289
216287
216150
216144
216138
216129
216124
216120
216078
216059
216051
216032
215998
215968
215800
215796
215728
215727
215724
215720
215704
215673
215639
215614
215613
215598
