219851
219761
219756
219740
219737
219734
219683
219667
219635
219634
219628
219536
219501
219496
219491
219330
219322
219319
219308
219048
219017
218966
218956
218954
218942
218926
218914
218893
218878
218805
218792
218545
218537
218525
218511
218241
218232
218222
218200
218189
218179
218177
218159
218146
218108
218094
218066
218045
218041
217963
217892
217861
217777
217753
217743
217687
217666
217650
217648
217635
217614
217612
217598
217597
217583
217582
217578
217564
217545
217484
217472
217459
217423
217414
217411
217389
217380
217311
216817
215982
215582
215581
215580
