215150
215146
215126
215113
215101
215087
215011
214990
214945
214933
214914
214767
214765
214730
214692
214689
214664
214626
214624
212358
212350
212344
212338
212312
212303
212251
212220
212215
212198
212181
212180
212173
212171
212158
212064
212060
211920
211914
211817
211811
211750
211621
211601
211546
211543
211536
211531
211521
211515
211509
211499
211478
209973
209966
209956
209930
209914
209615
209604
209581
209471
209422
209414
209383
209319
209279
209185
209178
209173
209166
209162
209158
209154
209148
209142
209134
209126
209122
